1 2 1 3 5246175 5 4 2093 1
2 2 3 3 5369154 8 3 2190 1
1 2 1 4 5178630 3 4 2102 2
1 3 1 1 5369140 6 3 2027 1
4 3 2 3 4754302 7 0 2167 1
2 2 1 4 4783034 0 0 1941 1
2 2 3 2 5246175 6 3 2093 1
4 1 3 2 5178630 7 4 2087 2
1 3 1 3 5246175 7 3 2093 1
1 2 3 3 5369154 8 3 2171 1
1 3 1 3 4835792 0 2 2131 1
1 3 2 2 4783034 6 0 1928 1
1 2 4 1 3846664 9 3 1629 1
2 3 1 1 5246175 7 2 2075 1
3 3 1 1 4835792 8 1 2126 2
1 3 2 2 5104567 7 2 1980 1
2 4 1 1 4283129 7 0 2124 1
1 4 2 1 3792504 0 0 1872 1
3 1 2 1 946778 13 2 1574 1
3 1 3 2 5336723 6 4 2262 1
3 3 2 2 5246175 7 0 2075 1
3 2 2 2 5369140 7 0 1980 1
3 3 2 1 5246175 7 0 2075 2
2 2 1 2 5178630 6 3 2059 2
2 3 1 1 4571072 8 4 2124 2
2 3 2 2 5246175 7 3 2093 1
2 3 2 2 5369154 8 3 2190 1
2 3 2 3 4835792 9 3 2150 1
1 4 1 1 5369140 3 3 2027 1
1 3 1 3 4783034 7 3 1941 1
1 4 1 3 4451479 6 3 1946 1
1 3 1 3 3846664 8 3 1656 1
1 5 1 1 3258066 9 0 1773 1
1 1 1 5 3363715 1 3 1451 1
1 3 1 1 5369154 7 3 2171 1
1 3 1 1 4835792 8 3 2131 1
2 4 1 1 4754302 6 0 2161 1
2 4 1 1 4783034 8 4 1928 1
1 3 1 3 5246175 6 3 2093 1
1 5 1 1 5369154 8 2 2190 1
1 5 1 1 4835792 7 1 2150 1
1 1 2 3 5336723 6 4 2262 1
1 3 2 3 5246175 6 3 2075 1
3 2 3 1 5369154 8 4 2156 1
1 1 2 4 4835792 8 4 2126 1
1 1 3 3 4783034 0 0 1900 1
1 1 4 3 4835792 8 5 2126 1
1 4 3 1 5246175 7 4 2093 1
1 4 2 3 5369154 8 3 2171 1
1 3 1 3 4835792 7 3 2131 1
2 2 3 1 5178630 7 3 2087 1
1 3 1 3 4754302 7 0 2161 1
2 1 4 1 3735837 8 3 1893 1
1 2 4 1 4086395 10 2 1702 1
1 3 2 2 3905962 9 4 1909 1
1 4 2 2 2642498 10 4 1713 1
1 1 1 1 5336723 7 2 2262 1
1 2 2 1 5246175 6 3 2075 1
3 2 2 1 5178630 6 2 2059 1
3 1 1 1 5369140 7 1 1980 1
1 5 1 2 5336723 6 3 2274 1
1 5 1 2 5246175 8 3 2093 1
1 4 2 3 5369154 7 4 2171 1
1 3 3 2 4835792 8 4 2131 1
1 4 2 2 5178630 7 4 2087 1
1 3 3 2 5369140 3 5 1999 1
1 4 1 3 4754302 8 5 2161 1
1 4 2 2 4783034 8 0 1928 1
1 4 1 3 4357996 5 3 1938 1
1 4 2 3 3735837 8 3 1893 1
1 2 5 1 3846664 8 5 1633 1
1 4 1 3 3853573 10 3 1762 1
1 5 1 2 4141885 10 4 1702 1
1 3 2 3 3219201 9 0 1713 2
1 4 1 3 3219271 12 4 1192 1
1 4 1 4 2705869 11 3 1371 1
1 1 3 3 1164842 8 6 1111 2
4 4 2 2 5369154 7 2 2156 1
1 3 1 3 5246175 8 3 2075 2
1 4 2 2 5369154 7 3 2156 1
1 3 2 2 4835792 8 4 2126 1
1 1 1 1 5369140 9 2 1980 2
1 3 3 1 3337381 0 0 1576 2
1 5 1 1 2016109 15 0 1817 1
1 3 1 1 5246175 8 1 2075 1
2 2 1 1 5369154 8 1 2156 1
1 1 1 1 4835792 8 1 2126 1
2 1 3 1 5369154 8 4 2156 1
1 1 1 1 4835792 9 4 2126 1
2 3 3 1 194918 0 0 1663 1
1 3 1 3 4835792 0 2 2131 1
3 2 2 1 4754302 0 0 2161 2
1 1 3 3 5369154 6 5 2171 2
1 4 2 1 4451479 6 0 1938 1
1 3 3 2 3994690 8 0 1893 2
1 3 2 1 5369154 0 1 2190 2
1 2 2 3 5246175 7 4 2075 2
1 4 1 2 4835792 9 5 2126 1
1 2 3 2 5178630 8 5 2059 2
1 2 4 1 4783034 8 0 1900 1
1 1 5 1 3846664 9 5 1576 1
1 3 2 4 3533956 9 4 1120 2
2 1 1 5 502996 1 3 1018 1
3 2 3 1 5369154 8 3 2171 1
1 2 1 3 5178630 7 4 2087 1
1 5 1 4 3846664 6 0 1633 2
2 2 2 2 5246175 8 2 2093 1
1 3 1 3 5369154 7 2 2171 1
1 3 1 3 4835792 8 2 2131 1
1 3 1 3 4707617 7 0 1928 1
2 2 2 2 4189993 7 0 1938 1
2 2 2 2 3540908 0 0 1909 1
1 1 1 1 1453476 8 1 2075 1
1 1 1 1 448401 8 1 2074 1
2 3 1 1 66398 8 1 2087 1
2 4 1 2 5246175 7 0 2075 1
1 2 1 4 5369154 7 4 2156 1
1 3 3 1 4835792 0 4 2126 1
2 2 2 3 4835792 0 0 2126 1
3 2 3 1 5244573 6 3 1980 1
2 1 3 2 4494082 0 0 1900 1
3 3 2 2 2593970 0 3 1576 2
1 1 4 2 5336723 8 2 2262 1
1 2 2 2 5246175 8 3 2075 1
1 2 2 2 5369154 8 3 2156 1
2 4 1 1 5246175 8 2 2093 1
2 3 1 1 5369154 8 2 2171 1
1 5 1 1 4835792 7 2 2131 1
2 3 2 1 5178630 8 2 2087 1
1 3 1 1 5369140 8 3 1999 1
2 4 1 1 4641290 8 2 2161 1
1 4 1 1 4539761 8 2 1928 1
2 3 1 1 4189993 9 2 1938 1
1 3 1 1 3672108 8 2 1893 1
1 4 2 1 3583892 7 2 1633 1
1 3 3 1 2900831 12 2 1702 1
2 3 2 1 1513272 12 2 1713 1
1 4 1 1 1368933 12 3 1192 1
1 4 1 1 870929 11 3 1371 1
1 3 1 3 940743 10 2 1165 1
2 3 1 1 5369154 7 3 2156 2
2 3 3 1 5246175 7 4 2093 2
2 3 1 3 5369154 6 4 2190 1
2 4 1 2 5369154 0 3 2190 1
1 1 4 3 5336723 8 4 2274 2
3 4 2 2 5369154 6 3 2190 2
2 4 1 2 5369140 6 4 2027 2
3 4 1 4 4451479 4 0 1946 2
2 4 1 3 3846664 5 4 1656 2
2 1 3 3 4141885 13 4 1746 1
2 3 2 3 4211272 0 0 1957 2
2 3 2 3 3258066 9 4 1773 2
3 3 1 1 3363715 5 4 1451 2
2 2 3 3 3838393 9 4 1249 1
2 4 1 2 2016986 7 4 1291 2
3 1 4 5 5369154 0 2 2162 1
3 3 4 3 4803665 0 0 2126 1
2 2 1 2 5246175 7 1 2093 1
2 3 2 2 5369154 7 1 2190 1
3 2 2 3 4835792 8 1 2150 1
1 3 1 1 5369140 8 2 2027 1
1 1 1 1 4754302 0 0 2167 1
1 1 1 1 4783034 0 0 1941 1
2 2 1 1 3981257 0 0 1957 1
1 1 1 1 2719664 0 0 1773 1
1 1 4 1 5369154 6 2 2190 2
1 1 1 1 4835792 9 0 2150 1
2 1 1 1 5369140 0 0 2027 1
1 1 5 1 4539761 0 0 1941 1
2 3 2 2 5246175 6 2 2093 1
1 3 3 2 5369154 5 3 2190 1
1 1 2 3 4835792 0 2 2150 1
1 3 1 3 5178630 6 3 2102 1
1 4 2 1 5369140 0 2 2027 1
3 1 3 1 3837027 13 0 1909 1
2 2 1 3 5369154 7 2 2190 1
1 2 1 3 4835792 6 3 2150 1
1 1 4 1 5336723 11 0 2274 2
2 4 2 1 5369154 7 2 2190 1
3 1 4 1 5369140 0 0 2027 1
1 1 2 2 5336723 6 4 2274 1
1 2 2 2 5369154 8 4 2190 1
1 2 1 3 4835792 8 4 2150 1
2 2 2 3 4211272 10 0 1957 1
1 1 5 2 3258066 9 0 1773 1
4 4 2 2 5336723 8 2 2274 1
3 3 3 3 5246175 8 2 2093 1
5 1 1 5 5369154 7 2 2190 1
5 4 1 2 4835792 8 2 2150 1
4 5 3 2 4783034 7 1 1941 1
5 5 1 1 3853573 6 2 1783 1
5 5 1 2 4211272 8 0 1909 1
3 5 3 1 3239433 9 0 1714 1
2 4 4 2 2809877 8 2 1178 1
2 1 3 1 5336723 5 4 2274 1
2 3 2 3 5246175 6 4 2093 1
2 2 4 3 5178630 4 5 2102 1
2 1 3 2 5369140 6 4 2027 1
2 2 4 2 4783034 0 5 1941 1
1 2 1 5 4451479 1 5 1946 1
2 1 4 1 3994690 6 4 1921 2
3 3 2 2 4106581 4 4 1656 1
1 2 1 4 3615721 9 4 1451 1
2 1 4 2 2461400 7 5 1291 2
