1 2 1 3 5246175 5 4 2093 1
2 2 3 3 5369154 8 3 2190 1
1 1 5 1 4835792 6 0 2150 2
1 2 1 4 5178630 3 4 2102 2
1 3 1 1 5369140 6 3 2027 1
4 3 2 3 4754302 7 0 2167 1
2 2 1 4 4783034 0 0 1941 1
1 3 1 3 4211272 10 4 1957 2
2 2 3 2 5246175 6 3 2093 1
1 2 4 2 5369154 7 2 2171 2
4 1 3 2 5178630 7 4 2087 2
1 2 2 2 5336723 8 4 2274 2
1 3 1 3 5246175 7 3 2093 1
1 2 3 3 5369154 8 3 2171 1
1 3 1 3 4835792 0 2 2131 1
1 3 2 2 4783034 6 0 1928 1
1 2 4 1 3846664 9 3 1629 1
1 2 3 1 5336723 5 2 2262 2
2 3 1 1 5246175 7 2 2075 1
3 3 1 1 4835792 8 1 2126 2
1 3 2 2 5104567 7 2 1980 1
2 4 1 1 4276172 7 0 2124 1
1 4 2 1 3753309 0 0 1872 1
3 1 2 1 932417 13 2 1574 1
3 1 3 2 5336723 6 4 2262 1
3 3 2 2 5246175 7 0 2075 1
3 2 3 1 5369154 7 3 2156 2
3 2 2 2 5369140 7 0 1980 1
3 2 3 2 4783034 0 3 1872 2
3 3 2 1 5246175 7 0 2075 2
2 4 2 1 5369154 8 3 2156 2
2 2 1 3 4835792 7 3 2126 2
2 2 1 2 5178630 6 3 2059 2
2 3 1 1 4571072 8 4 2124 2
2 3 2 2 5246175 7 3 2093 1
2 3 2 2 5369154 8 3 2190 1
2 3 2 3 4835792 9 3 2150 1
2 3 2 3 5178630 7 3 2102 2
1 4 1 1 5369140 3 3 2027 1
1 5 1 1 4754302 8 3 2167 2
1 3 1 3 4783034 7 3 1941 1
1 4 1 3 4451479 6 3 1946 1
1 5 1 1 3945364 8 3 1921 2
1 3 1 3 3846664 8 3 1656 1
1 5 1 1 3258066 9 0 1773 1
1 1 1 5 3363715 1 3 1451 1
2 3 1 1 5336723 7 3 2274 2
1 3 1 1 5246175 8 3 2093 2
1 3 1 1 5369154 7 3 2171 1
1 3 1 1 4835792 8 3 2131 1
1 2 2 1 5369140 8 4 1999 2
2 4 1 1 4754302 6 0 2161 1
2 4 1 1 4783034 8 4 1928 1
1 5 1 1 5336723 8 4 2274 2
1 3 1 3 5246175 6 3 2093 1
1 5 1 1 5369154 8 2 2190 1
1 5 1 1 4835792 7 1 2150 1
1 1 2 3 5336723 6 4 2262 1
1 3 2 3 5246175 6 3 2075 1
3 2 3 1 5369154 8 4 2156 1
1 1 2 4 4835792 8 4 2126 1
1 1 3 3 4783034 0 0 1900 1
1 1 4 3 4835792 8 5 2126 1
1 4 3 1 5246175 7 4 2093 1
1 4 2 3 5369154 8 3 2171 1
1 3 1 3 4835792 7 3 2131 1
2 2 3 1 5178630 7 3 2087 1
1 4 2 2 5369140 7 2 1999 2
1 3 1 3 4754302 7 0 2161 1
1 3 1 3 4783034 8 2 1928 2
1 4 1 1 4198837 7 2 1938 2
2 1 4 1 3735837 8 3 1893 1
2 3 3 1 3853573 10 4 1786 2
1 2 4 1 4089145 10 2 1727 1
1 3 2 2 3903835 9 4 1943 1
1 4 2 2 2634119 10 4 1746 1
1 4 1 1 2019698 11 2 1155 2
2 5 1 1 5369154 5 4 2171 2
1 5 1 1 4835792 4 3 2131 2
2 5 1 1 5178630 5 3 2087 2
2 5 1 1 5369140 7 3 1999 2
1 5 1 1 4759110 4 3 1928 2
1 5 1 1 3778664 4 1 1943 2
1 5 1 1 1949696 0 2 1371 2
1 1 1 1 5336723 7 2 2262 1
1 2 2 1 5246175 6 3 2075 1
1 2 3 3 4835792 5 3 2126 2
3 2 2 1 5178630 6 2 2059 1
3 1 1 1 5369140 7 1 1980 1
1 1 1 5 4539761 0 0 1900 2
1 5 1 2 5336723 6 3 2274 1
1 5 1 2 5246175 8 3 2093 1
1 4 2 3 5369154 7 4 2171 1
1 3 3 2 4835792 8 4 2131 1
1 4 2 2 5178630 7 4 2087 1
1 3 3 2 5369140 3 5 1999 1
1 4 1 3 4754302 8 5 2161 1
1 4 2 2 4783034 8 0 1928 1
1 4 1 3 4353314 5 3 1938 1
1 4 2 3 3735837 8 3 1893 1
1 2 5 1 3846664 8 5 1639 1
1 4 1 3 3853573 10 3 1786 1
1 5 1 2 4141885 10 4 1727 1
1 4 1 2 4211272 8 4 1943 2
1 3 2 3 3205386 9 0 1746 2
1 4 1 3 3193040 12 4 1200 1
1 4 1 4 2696506 11 3 1371 1
1 1 3 3 1158551 8 6 1111 2
4 4 2 2 5369154 7 2 2156 1
1 1 1 5 5336723 8 3 2262 2
1 3 1 3 5246175 8 3 2075 2
1 4 2 2 5369154 7 3 2156 1
1 3 2 2 4835792 8 4 2126 1
1 1 1 1 5369140 9 2 1980 2
1 3 3 1 3325785 0 0 1576 2
1 5 1 1 2018842 15 0 1817 1
1 3 1 1 5246175 8 1 2075 1
2 2 1 1 5369154 8 1 2156 1
1 1 1 1 4835792 8 1 2126 1
2 1 3 1 5369154 8 4 2156 1
1 1 1 1 4835792 9 4 2126 1
2 3 3 1 192548 0 0 1663 1
1 4 1 2 5246175 8 0 2075 2
2 3 1 2 5369154 0 3 2156 2
1 3 1 3 4835792 0 2 2131 1
1 3 2 1 5178630 5 3 2087 2
3 2 2 1 4754302 0 0 2161 2
1 1 3 3 5369154 6 5 2171 2
1 3 2 2 5369140 7 3 1999 2
1 4 2 1 4451479 6 0 1938 1
1 3 3 2 3994690 8 0 1893 2
1 3 2 1 5369154 0 1 2190 2
1 2 2 3 5246175 7 4 2075 2
1 1 3 2 5369154 7 4 2156 2
1 4 1 2 4835792 9 5 2126 1
1 2 3 2 5178630 8 5 2059 2
1 3 2 3 5369140 8 3 1980 2
1 1 4 2 4754302 7 0 2131 2
1 2 4 1 4783034 8 0 1900 1
1 3 3 3 4451479 8 0 1922 2
1 1 5 1 3846664 9 5 1576 1
1 3 2 4 3505870 9 4 1120 2
2 3 2 3 5336723 9 4 2262 2
1 4 1 2 5246175 7 4 2075 2
3 2 2 2 5369154 9 4 2156 2
4 1 1 1 4835792 8 4 2126 2
3 1 1 2 4189993 8 3 1922 2
2 1 1 5 502996 1 3 1018 1
3 2 3 1 5369154 8 3 2171 1
1 2 1 3 5178630 7 4 2087 1
1 5 1 4 3846664 6 0 1639 2
2 2 2 2 5246175 8 2 2093 1
1 3 1 3 5369154 7 2 2171 1
1 3 1 3 4835792 8 2 2131 1
1 3 1 3 4707617 7 0 1928 1
2 2 2 2 4189993 7 0 1938 1
2 2 2 2 3536326 0 0 1943 1
1 1 1 1 1451382 8 1 2075 1
1 1 1 1 453012 8 1 2074 1
2 3 1 1 66398 8 1 2087 1
2 4 1 2 5246175 7 0 2075 1
1 2 1 4 5369154 7 4 2156 1
1 3 3 1 4835792 0 4 2126 1
2 2 2 3 4835792 0 0 2126 1
3 2 3 1 5244573 6 3 1980 1
2 1 3 2 4496931 0 0 1900 1
3 3 2 2 2594751 0 3 1576 2
1 1 4 2 5336723 8 2 2262 1
1 2 2 2 5246175 8 3 2075 1
1 2 2 2 5369154 8 3 2156 1
1 1 3 1 4835792 7 3 2126 2
1 2 2 2 5178630 8 4 2059 2
2 2 2 2 5369140 8 3 1980 2
2 4 1 1 5246175 8 2 2093 1
2 3 1 1 5369154 8 2 2171 1
1 5 1 1 4835792 7 2 2131 1
2 3 2 1 5178630 8 2 2087 1
1 3 1 1 5369140 8 3 1999 1
2 4 1 1 4641290 8 2 2161 1
1 4 1 1 4539761 8 2 1928 1
2 3 1 1 4189993 9 2 1938 1
1 3 1 1 3679094 8 2 1893 1
1 4 2 1 3576210 7 2 1639 1
1 3 3 1 2901614 12 2 1727 1
2 4 1 1 2477519 13 2 1943 2
2 3 2 1 1516770 12 2 1746 1
1 4 1 1 1367394 12 3 1200 1
1 4 1 1 870929 11 3 1371 1
1 3 1 3 941052 10 2 1165 1
2 4 1 1 5246175 8 0 2075 2
2 3 1 1 5369154 7 3 2156 2
1 3 3 1 5336723 7 3 2274 2
2 3 3 1 5246175 7 4 2093 2
2 3 1 3 5369154 6 4 2190 1
1 3 1 3 4835792 3 4 2150 2
2 2 3 1 4783034 6 0 1941 2
2 4 1 2 5369154 0 3 2190 1
1 1 4 3 5336723 8 4 2274 2
3 4 2 2 5369154 6 3 2190 2
2 2 3 4 4835792 6 5 2150 2
2 3 2 3 5178630 6 3 2102 2
2 4 1 2 5369140 6 4 2027 2
3 4 1 4 4451479 4 0 1946 2
2 3 1 1 3959408 9 4 1921 2
2 4 1 3 3846664 5 4 1656 2
3 3 2 2 3853573 11 3 1807 2
2 1 3 3 4141885 13 4 1746 1
2 3 2 3 4211272 0 0 1957 2
2 3 2 3 3258066 9 4 1773 2
2 4 1 4 3722972 15 0 1242 2
3 3 1 1 3363715 5 4 1451 2
2 2 3 3 3846874 9 4 1249 1
2 4 1 2 2021667 7 4 1291 2
3 1 4 5 5369154 0 2 2162 1
3 3 4 3 4803665 0 0 2126 1
2 2 1 2 5246175 7 1 2093 1
2 3 2 2 5369154 7 1 2190 1
3 2 2 3 4835792 8 1 2150 1
1 3 1 1 5369140 8 2 2027 1
1 1 1 1 4754302 0 0 2167 1
1 1 1 1 4783034 0 0 1941 1
2 2 1 1 3981147 0 0 1957 1
1 1 1 1 2711284 0 0 1773 1
2 1 4 2 5246175 7 2 2093 2
1 1 4 1 5369154 6 2 2190 2
1 1 1 1 4835792 9 0 2150 1
2 1 1 1 5369140 0 0 2027 1
1 1 5 1 4539761 0 0 1941 1
2 3 2 2 5246175 6 2 2093 1
1 3 3 2 5369154 5 3 2190 1
1 1 2 3 4835792 0 2 2150 1
1 3 1 3 5178630 6 3 2102 1
1 4 2 1 5369140 0 2 2027 1
3 1 3 1 3829444 13 0 1943 1
2 2 1 3 5369154 7 2 2190 1
1 2 1 3 4835792 6 3 2150 1
1 1 4 1 5336723 11 0 2274 2
1 2 3 2 5246175 8 3 2093 2
2 4 2 1 5369154 7 2 2190 1
3 1 4 1 5369140 0 0 2027 1
1 1 2 2 5336723 6 4 2274 1
2 1 3 3 5246175 7 4 2093 2
1 2 2 2 5369154 8 4 2190 1
1 2 1 3 4835792 8 4 2150 1
1 2 4 1 5369140 6 5 2027 2
1 2 1 4 4754302 7 0 2167 2
1 3 2 3 4783034 6 4 1941 2
1 3 2 3 4451479 6 4 1946 2
1 2 1 4 3853573 10 5 1807 2
2 2 2 3 4211272 10 0 1957 1
1 1 5 2 3258066 9 0 1773 1
4 4 2 2 5336723 8 2 2274 1
3 3 3 3 5246175 8 2 2093 1
5 1 1 5 5369154 7 2 2190 1
5 4 1 2 4835792 8 2 2150 1
1 1 5 5 5369140 7 2 2027 2
3 3 3 3 4754302 6 3 2167 2
4 5 3 2 4783034 7 1 1941 1
5 5 1 1 3853573 6 2 1807 1
5 5 1 2 4211272 8 0 1943 1
3 5 3 1 3233769 9 0 1747 1
2 4 4 2 2810149 8 2 1178 1
2 1 3 1 5336723 5 4 2274 1
2 3 2 3 5246175 6 4 2093 1
2 2 4 1 5369154 6 4 2190 2
3 2 3 3 4835792 4 4 2150 2
2 2 4 3 5178630 4 5 2102 1
2 1 3 2 5369140 6 4 2027 1
2 2 3 3 4754302 6 4 2167 2
2 2 4 2 4783034 0 5 1941 1
1 2 1 5 4451479 1 5 1946 1
2 1 4 1 3994690 6 4 1921 2
3 3 2 2 4106581 4 4 1656 1
3 1 1 3 3954439 2 4 1242 2
1 2 1 4 3615721 9 4 1451 1
1 2 2 4 4231951 7 4 1249 2
2 1 4 2 2461400 7 5 1291 2
