81609 229768 447 83 1
923973 4627200 2442 148 2
1049983 4909893 2494 167 2
1170929 5561367 1883 164 1
1106081 5336723 2274 176 1
1116581 5246175 2093 170 1
1214494 5369154 2190 208 1
1234574 4835792 2150 237 2
1168706 5178630 2102 183 2
1133352 5369140 2027 202 1
1003674 4754302 2167 162 1
1044525 4783034 1941 141 1
981011 4451479 1946 183 2
896563 3846664 1656 184 1
851666 3853573 1807 180 2
942957 4211272 1957 151 2
778229 3258066 1773 150 2
836353 3722972 1242 175 1
510825 3319098 1451 161 1
81609 229768 447 83 2
923973 4627200 2442 148 2
1049983 4909893 2494 167 1
1170929 5561367 1883 164 2
1106081 5336723 2274 176 2
1116581 5246175 2084 170 1
1214494 5369154 2165 208 2
1234574 4835792 2131 237 1
1178068 5178630 2087 183 2
1044525 4783034 1928 141 1
981011 4451479 1934 183 1
896563 3846664 1629 184 1
923973 4627200 2442 148 2
1049983 4909893 2494 167 2
1170929 5561367 1883 164 1
1106081 5336723 2274 176 2
1116581 5246175 2084 170 1
1214494 5369154 2165 208 1
1234574 4835792 2131 237 1
1181033 5178630 2087 183 2
1186367 5369140 1999 202 1
1003674 4754302 2161 162 1
1044525 4783034 1928 141 1
981011 4451479 1934 183 1
849399 3788804 1893 177 1
896563 3846664 1629 184 1
923973 4627200 2442 148 2
1049983 4909893 2395 167 2
1170929 5561367 1875 164 2
1106081 5336723 2262 176 2
1116581 5246175 2075 170 1
1234574 4835792 2126 237 2
1112532 5105259 2059 183 1
1133352 5104567 1980 202 1
1003674 4271934 2124 162 1
1044525 3752063 1872 141 1
981011 2707435 1887 183 2
948160 919486 1574 196 1
81609 229768 447 83 1
923973 4627200 2442 148 1
1049983 4909893 2395 167 1
1170929 5561367 1875 164 1
1106081 5336723 2262 176 1
1116581 5246175 2075 170 1
1214494 5369154 2156 208 2
1234574 4835792 2126 237 1
1173387 5178630 2059 183 1
1133352 5369140 1980 202 1
1003674 4754302 2124 162 2
1044525 4783034 1872 141 2
981011 4451479 1887 183 2
896563 3846664 1518 184 1
851666 3853573 1691 180 2
923973 4627200 2442 148 2
1049983 4909893 2395 167 2
81609 229768 447 83 1
923973 4627200 2442 148 2
1049983 4909893 2395 167 2
1170929 5561367 1875 164 2
1116581 5246175 2075 170 2
1214494 5369154 2156 208 2
1234574 4835792 2126 237 2
1093807 5178630 2059 183 2
1133352 5369140 1980 202 2
1003674 4577709 2124 162 2
81609 229768 447 83 2
923973 4627200 2442 148 1
1049983 4909893 2494 167 1
1170929 5561367 1883 164 1
1106081 5336723 2274 176 1
1116581 5246175 2093 170 1
1214494 5369154 2190 208 1
1234574 4835792 2150 237 1
1181033 5178630 2102 183 2
1163155 5369140 2027 202 1
1003674 4754302 2167 162 2
1044525 4783034 1941 141 1
981011 4451479 1946 183 1
849399 3947963 1921 177 2
896563 3846664 1656 184 1
851666 3853573 1807 180 1
778229 3258066 1773 150 1
701679 3363715 1451 161 1
923973 4627200 2442 148 2
923973 4627200 2442 148 1
1049983 4909893 2494 167 2
1170929 5561367 1883 164 1
1106081 5336723 2274 176 2
1116581 5246175 2084 170 2
1214494 5369154 2165 208 1
1234574 4835792 2131 237 1
1181033 5178630 2087 183 1
1186367 5369140 1999 202 2
1003674 4754302 2161 162 1
1044525 4783034 1928 141 1
981011 4415504 1934 183 2
849399 3735837 1893 177 1
896563 3846664 1639 184 1
851666 3853573 1786 180 1
942957 4211272 1942 151 2
778229 3258066 1725 150 1
719560 2835362 1344 161 2
923973 4627200 2442 148 2
1049983 4909893 2494 167 2
1170929 5561367 1883 164 2
1106081 5336723 2274 176 2
1116581 5246175 2093 170 1
1214494 5369154 2190 208 1
1234574 4835792 2150 237 1
1181033 5178630 2102 183 2
1003674 4754302 2167 162 1
981011 4451479 1946 183 2
896563 3846664 1656 184 1
851666 3853573 1807 180 1
855714 3719870 1242 175 1
923973 4627200 2442 148 1
1049983 4909893 2395 167 1
1170929 5561367 1875 164 1
1106081 5336723 2262 176 1
1116581 5246175 2075 170 1
1214494 5369154 2156 208 1
1234574 4835792 2126 237 1
1159343 5178630 2059 183 1
1044525 4783034 1900 141 1
981011 4451479 1922 183 2
851666 3853573 1719 180 2
778229 3258066 1656 150 2
923973 4627200 2442 148 1
1049983 4909893 2395 167 1
1170929 5561367 1875 164 1
1116581 5246175 2075 170 1
1132421 4835792 2126 237 1
923973 4627200 2442 148 1
1049983 4909893 2494 167 2
1170929 5561367 1883 164 1
1106081 5336723 2274 176 1
1116581 5246175 2084 170 1
1214494 5369154 2165 208 1
1234574 4835792 2131 237 1
1181033 5178630 2087 183 1
1144430 5369140 1999 202 2
1003674 4754302 2161 162 1
1044525 4783034 1928 141 2
981011 4205474 1934 183 2
849399 3735837 1893 177 1
896563 3846664 1639 184 1
851666 3853573 1786 180 2
948160 4090127 1727 196 1
942957 3924413 1943 151 1
778229 2658507 1746 150 1
855714 2845595 1198 175 1
682445 2153907 1368 161 1
622381 2026747 1153 153 2
923973 4627200 2442 148 1
1049983 4909893 2494 167 1
1214494 5369154 2165 208 2
1234574 4835792 2131 237 2
1181033 5178630 2087 183 2
1181686 5369140 1999 202 2
1044525 4761065 1928 141 2
981011 4189993 1934 183 2
849399 3735837 1893 177 2
896563 3846664 1639 184 2
851666 3853573 1786 180 2
942957 3784738 1943 151 2
778229 2527264 1746 150 2
855714 2808145 1198 175 2
719560 1935435 1368 161 2
780410 1944229 1153 153 2
407188 896653 1111 178 2
923973 4627200 2442 148 2
1049983 4909893 2395 167 2
1170929 5561367 1875 164 1
1106081 5336723 2262 176 1
1116581 5246175 2075 170 1
1234574 4835792 2126 237 2
1145300 5178630 2059 183 1
1133352 5369140 1980 202 1
1044525 4539761 1900 141 2
981011 4189993 1922 183 2
81609 229768 447 83 1
923973 4627200 2442 148 1
1049983 4909893 2494 167 1
1170929 5561367 1883 164 1
1106081 5336723 2274 176 1
1116581 5246175 2084 170 1
1214494 5369154 2165 208 1
1234574 4835792 2131 237 1
1181033 5178630 2087 183 1
1181686 5369140 1999 202 1
1003674 4754302 2161 162 1
1044525 4783034 1928 141 1
981011 4350589 1934 183 1
849399 3735837 1893 177 1
896563 3846664 1639 184 1
851666 3853573 1786 180 1
948160 4141885 1727 196 1
942957 4211272 1943 151 2
778229 3192456 1746 150 2
855714 3176344 1198 175 1
719560 2690548 1368 161 1
407188 1151205 1111 178 2
923973 4627200 2442 148 2
1170929 5561367 1875 164 1
1106081 5336723 2262 176 1
1214494 5369154 2156 208 1
81609 229768 447 83 1
923973 4627200 2442 148 2
1049983 4909893 2395 167 1
1170929 5561367 1875 164 2
1106081 5336723 2262 176 2
1116581 5246175 2075 170 2
1214494 5369154 2156 208 1
1234574 4835792 2126 237 1
1145300 5178630 2059 183 1
1133352 5369140 1980 202 2
896563 3362562 1574 184 2
948160 2504297 1590 196 2
942957 2049643 1816 151 1
329456 677465 1340 161 2
923973 4627200 2442 148 1
1049983 4909893 2395 167 1
1170929 5561367 1875 164 1
1106081 5336723 2262 176 1
1116581 5246175 2075 170 1
1214494 5369154 2156 208 1
1234574 4835792 2126 237 1
1173387 5178630 2059 183 1
1044525 4539761 1900 141 1
981011 4189993 1922 183 1
923973 4627200 2442 148 1
1049983 4909893 2395 167 2
1106081 5336723 2262 176 1
1116581 5246175 2075 170 1
1206382 5369154 2156 208 1
1132421 4835792 2126 237 1
1063638 5091216 2059 183 1
752882 3667801 1900 141 1
18954 882037 1590 196 1
36570 588035 1816 151 1
11907 185466 1656 150 1
12951 256924 1164 175 1
923973 4627200 2442 148 2
1049983 4909893 2395 167 1
1170929 5561367 1875 164 2
1106081 5336723 2262 176 2
1116581 5246175 2075 170 2
1197020 5369154 2156 208 2
1132421 4835792 2126 237 2
1063638 5178630 2059 183 1
923973 4627200 2442 148 1
1049983 4909893 2494 167 1
1170929 5561367 1883 164 1
1116581 5246175 2084 170 2
1234574 4835792 2131 237 1
1181033 5178630 2087 183 2
1003674 4754302 2161 162 2
1044525 4783034 1928 141 1
896563 3846664 1639 184 1
851666 3853573 1786 180 2
923973 4627200 2442 148 1
1049983 4909893 2494 167 2
1170929 5561367 1883 164 2
1106081 5336723 2274 176 2
1116581 5246175 2084 170 2
1214494 5369154 2165 208 2
1234574 4835792 2131 237 2
1181033 5178630 2087 183 1
1149112 5369140 1999 202 2
1003674 4754302 2161 162 2
1044525 4783034 1928 141 1
981011 4451479 1934 183 1
849399 3994690 1893 177 2
923973 4627200 2442 148 2
1049983 4909893 2494 167 2
1170929 5561367 1883 164 2
1106081 5336723 2274 176 1
1214494 5369154 2190 208 2
1234574 4835792 2150 237 1
1049983 4909893 2395 167 2
1170929 5561367 1875 164 1
1106081 5336723 2262 176 2
1116581 5246175 2075 170 2
1214494 5369154 2156 208 2
1234574 4835792 2126 237 1
1178068 5178630 2059 183 2
1133352 5369140 1980 202 2
1003674 4754302 2131 162 2
1044525 4783034 1900 141 1
981011 4451479 1922 183 2
896563 3846664 1574 184 1
851666 3853573 1719 180 1
942957 4211272 1821 151 1
778229 3258066 1657 150 2
848060 3722972 1169 175 1
632133 3287029 1343 161 1
502184 3530980 1111 153 2
923973 4627200 2442 148 2
1049983 4909893 2395 167 1
1170929 5561367 1875 164 1
1106081 5336723 2262 176 2
1116581 5246175 2075 170 2
1214494 5369154 2156 208 2
1234574 4835792 2126 237 2
1126575 5178630 2059 183 2
1044525 4569139 1900 141 1
981011 4189993 1922 183 2
896563 3818977 1574 184 2
851666 3604741 1719 180 2
942957 3023222 1821 151 2
662734 2124102 1657 150 2
436915 1994866 1169 175 2
234372 1242753 1343 161 2
52133 500999 1017 178 1
1049983 4909893 2395 167 2
1170929 5561367 1875 164 1
1234574 4835792 2126 237 1
981011 3071345 1922 183 1
923973 4627200 2442 148 2
1049983 4909893 2494 167 2
1170929 5561367 1883 164 2
1106081 5336723 2274 176 2
1116581 5246175 2084 170 2
1214494 5369154 2165 208 1
1234574 4835792 2131 237 1
1181033 5178630 2087 183 1
1191048 5369140 1999 202 1
1044525 4690848 1928 141 2
981011 4189993 1934 183 1
896563 3846664 1639 184 2
851666 3808379 1786 180 1
948160 3894430 1727 196 2
778229 2411237 1746 150 1
855714 2583844 1198 175 1
1049983 4909893 2494 167 1
1170929 5561367 1883 164 1
1106081 5336723 2274 176 2
1116581 5246175 2084 170 1
1214494 5369154 2165 208 1
1234574 4835792 2131 237 1
1181033 5178630 2087 183 1
1044525 4718935 1928 141 1
981011 4189993 1934 183 1
849399 3735837 1893 177 1
896563 3846664 1639 184 1
851666 3836466 1786 180 1
942957 3587242 1943 151 1
778229 2444548 1746 150 1
855714 2690968 1198 175 2
715722 1767063 1368 161 1
1170929 5561367 1843 164 1
1116581 3221530 2062 170 1
1117440 1376319 2075 208 1
1007495 435804 2074 237 1
31423 66398 2087 162 1
1049983 4909893 2395 167 1
1170929 5561367 1875 164 1
1116581 5246175 2075 170 1
1214494 5369154 2156 208 1
1227294 4835792 2126 237 1
1044525 4539761 1900 141 1
981011 3993445 1922 183 2
896563 2825457 1574 184 2
1170929 5561367 1875 164 2
1106081 5336723 2262 176 2
1116581 5246175 2075 170 2
1214494 5369154 2156 208 2
1234574 4835792 2126 237 1
1133352 5246529 1980 202 1
1044525 4494318 1900 141 1
896563 2592133 1574 184 2
851666 1685972 1719 180 1
695550 1652499 1590 196 1
352816 1282507 1821 151 2
180509 717380 1657 150 2
126821 747592 1169 175 2
1049983 4909893 2395 167 1
1170929 5561367 1875 164 1
1106081 5336723 2262 176 1
1116581 5246175 2075 170 1
1214494 5369154 2156 208 1
1234574 4835792 2126 237 2
1103170 5178630 2059 183 2
1133352 5369140 1980 202 2
1003674 4754302 2131 162 2
1044525 4573820 1900 141 2
981011 4189993 1922 183 1
849399 3735837 1839 177 1
896563 3828339 1574 184 1
851666 3609422 1719 180 1
856657 3032584 1821 151 1
351457 2139541 1657 150 1
264043 2024095 1169 175 1
126400 1255728 1343 161 1
1170929 5561367 1883 164 2
1106081 5336723 2274 176 1
1116581 5246175 2084 170 1
1214494 5369154 2165 208 1
1234574 4835792 2131 237 1
1181033 5178630 2087 183 1
1135068 5369140 1999 202 1
1003674 4643245 2161 162 1
1044525 4539761 1928 141 1
981011 4189993 1934 183 1
849399 3673771 1893 177 1
896563 3577255 1639 184 1
851666 3076144 1786 180 1
948160 2897183 1727 196 1
942957 2472103 1943 151 2
778229 1508439 1746 150 1
852741 1363676 1198 175 1
660354 871237 1368 161 1
546451 931625 1163 153 1
193067 403563 1111 178 2
1049983 4909893 2395 167 2
1170929 5561367 1875 164 2
1106081 5336723 2262 176 2
1116581 5246175 2075 170 2
1214494 5369154 2156 208 2
1234574 4835792 2126 237 2
1112532 5178630 2059 183 2
981011 3579998 1922 183 2
896563 1934087 1574 184 1
851666 1374799 1719 180 1
472037 532723 1657 150 1
324154 430760 1169 175 2
169836 252006 1343 161 1
1049983 4909893 2494 167 1
1170929 5561367 1883 164 2
1106081 5336723 2274 176 2
1116581 5246175 2093 170 2
1214494 5369154 2190 208 1
1234574 4835792 2150 237 2
1044525 4783034 1936 141 2
981011 4438910 1945 183 1
896563 3846664 1656 184 1
851666 3853573 1807 180 1
923973 4627200 2442 148 1
1170929 5561367 1883 164 2
1214494 5369154 2190 208 1
1234574 4835792 2150 237 1
1098489 4960144 2102 183 2
981011 1745251 1945 183 1
849399 633475 1921 177 1
311204 76512 1773 150 1
111592 99276 1451 161 2
923973 4627200 2442 148 2
1049983 4909893 2494 167 2
1170929 5561367 1883 164 2
1106081 5336723 2274 176 2
1116581 5246175 2093 170 2
1214494 5369154 2190 208 2
1234574 4835792 2150 237 2
1181033 5178630 2102 183 2
1252394 5369140 2027 202 2
1044525 4783034 1941 141 2
981011 4451479 1946 183 2
849399 3966687 1921 177 2
896563 3846664 1656 184 2
851666 3853573 1807 180 2
948160 4141885 1746 196 1
942957 4211272 1957 151 2
778229 3258066 1773 150 2
855714 3722972 1242 175 2
719560 3363715 1451 161 2
822994 3853059 1249 153 1
465831 2027986 1291 178 2
1170929 5561367 1883 164 1
1214494 5369154 2156 208 1
1161758 4810302 2126 237 1
1049983 4909893 2494 167 1
1170929 5561367 1883 164 1
1106081 5336723 2274 176 1
1116581 5246175 2093 170 1
1214494 5369154 2190 208 1
1234574 4835792 2150 237 1
1181033 5178630 2102 183 1
1195729 5369140 2027 202 1
1003674 4754302 2167 162 1
1044525 4783034 1941 141 1
981011 4214836 1946 183 2
849399 3735837 1921 177 1
896563 3846664 1656 184 1
851666 3853573 1807 180 1
942957 3966544 1957 151 1
778229 2695957 1773 150 1
855714 2852503 1242 175 1
719560 2217216 1451 161 1
923973 4627200 2442 148 1
1049983 4909893 2494 167 1
1170929 5561367 1883 164 2
1106081 5336723 2274 176 2
1116581 5246175 2093 170 2
1201701 5369154 2190 208 2
1132421 4835792 2150 237 1
1063638 5178630 2102 183 2
1133352 5369140 2027 202 1
663610 4539761 1941 141 1
234525 4189993 1946 183 1
36570 2112410 1957 151 1
11907 1340921 1773 150 1
12951 1082537 1242 175 1
15682 724277 1451 161 2
923973 4627200 2442 148 1
1049983 4909893 2494 167 1
1170929 5561367 1883 164 2
1106081 5336723 2274 176 1
1116581 5246175 2093 170 1
1214494 5369154 2190 208 1
1234574 4835792 2150 237 1
1181033 5178630 2102 183 1
1135068 5369140 2027 202 1
1003674 4754302 2167 162 1
981011 4189993 1934 183 1
896563 3846664 1639 184 1
851666 3853573 1786 180 1
942957 3846777 1943 151 1
778229 2568212 1747 150 1
855714 2826870 1208 175 1
923973 4627200 2442 148 1
1170929 5561367 1883 164 1
1106081 5336723 2274 176 2
1116581 5246175 2093 170 1
1214494 5369154 2190 208 1
1208570 4835792 2150 237 1
1133352 5369140 2027 202 1
981011 4189993 1946 183 1
433342 2719368 1807 180 2
1106081 5336723 2274 176 2
1116581 5246175 2093 170 2
1214494 5369154 2190 208 1
1234574 4835792 2150 237 2
1173387 5178630 2102 183 2
1133352 5369140 2027 202 1
1044525 4539761 1936 141 2
981011 4189993 1945 183 1
849399 3735831 1921 177 2
778229 1634509 1747 150 2
476855 1036295 1173 153 1
923973 4627200 2442 148 2
1049983 4909893 2494 167 2
1170929 5561367 1883 164 1
1106081 5336723 2274 176 1
1116581 5246175 2093 170 2
1214494 5369154 2190 208 1
1234574 4835792 2150 237 1
1181033 5178630 2102 183 1
1172324 5369140 2027 202 2
1003674 4754302 2167 162 2
1044525 4783034 1941 141 2
981011 4451479 1946 183 2
849399 3994690 1921 177 1
896563 3846748 1656 184 1
851666 3853573 1807 180 2
942957 4211272 1957 151 1
778229 3258066 1773 150 1
855714 3722972 1242 175 1
715722 3363715 1451 161 1
923973 4627200 2442 148 1
1049983 4909893 2494 167 2
1170929 5561367 1883 164 1
1106081 5336723 2274 176 1
1116581 5246175 2093 170 1
1214494 5369154 2190 208 1
1234574 4835792 2150 237 1
1181033 5178630 2102 183 1
1163155 5369140 2027 202 2
1003674 4754302 2167 162 2
1044525 4783034 1936 141 1
981011 4378676 1945 183 1
896563 3846664 1656 184 1
851666 3853573 1807 180 1
948160 4141885 1746 196 2
942957 4211272 1943 151 1
778229 3234814 1747 150 1
855714 3333243 1210 175 1
706360 2745464 1397 161 1
772258 2800637 1176 153 1
81609 229768 447 83 1
923973 4627200 2442 148 2
1049983 4909893 2494 167 1
1170929 5561367 1883 164 1
1106081 5336723 2274 176 1
1116581 5246175 2093 170 1
1214494 5369154 2190 208 2
1234574 4835792 2150 237 2
1181033 5178630 2102 183 1
1252394 5369140 2027 202 1
1110444 4754302 2167 162 2
1152233 4783034 1941 141 1
1098243 4451479 1946 183 1
965652 3994690 1921 177 2
1016005 4106581 1656 184 1
942176 4055240 1807 180 2
1023933 4311240 1746 196 2
1038398 4421182 1957 151 1
883403 3493122 1773 150 2
960214 3954439 1242 175 2
827411 3615721 1451 161 1
925356 4231951 1249 153 2
567072 2461400 1291 178 2
